Month	Day	Hour	wtr	CO2dep	O2dep
7	1	0	19.984	34.60493288	-52.64256383
7	1	2	19.413	34.68285619	-54.92787982
7	1	4	18.937	35.7600044	-63.47798338
7	1	6	18.771	36.25436375	-60.89269142
7	1	8	19.27	34.53710816	-41.76432273
7	1	10	20.317	36.3844518	-36.28907926
7	1	12	22.345	33.41729292	-20.02854124
7	1	14	22.226	30.64373874	-16.36347618
7	1	16	22.011	33.03967911	-9.499825203
7	1	18	21.509	35.18317688	-17.25761818
7	1	20	21.867	29.61498799	-18.48247344
7	1	22	21.461	29.57172892	-30.33847038
7	2	0	20.722	31.85071127	-37.48211467
7	2	2	20.293	34.03264239	-38.4919019
7	2	4	19.77	30.23331286	-38.0871667
7	2	6	19.127	29.78168758	-43.17229719
7	2	8	18.652	30.04000986	-34.43635189
7	2	10	18.509	28.3200645	-46.29778559
7	2	12	18.295	28.79770557	-33.44601138
7	2	14	18.129	29.27834053	-60.24102344
7	2	16	17.843	33.00035553	-58.41093288
7	2	18	18.509	29.28711624	-42.90240097
7	2	20	18.247	31.64208546	-44.41463277
7	2	22	17.938	32.70026058	-43.68655709
7	3	0	17.582	37.58791008	-42.69628899
7	3	2	17.344	38.8697907	-40.05263961
7	3	4	17.153	41.79995053	-50.78693432
7	3	6	17.106	43.96212933	-57.94843912
7	3	8	17.034	55.57005725	-41.7535385
7	3	10	17.058	62.53479229	-38.810476
7	3	12	17.296	68.38954301	-38.25316512
7	3	14	17.272	56.47009354	-54.00555972
7	3	16	17.51	61.0247476	-37.82448974
7	3	18	17.51	64.02282137	-48.341251
7	3	20	17.391	62.11965838	-55.85318243
7	3	22	17.13	65.19052175	-45.07867546
7	4	0	16.796	66.44655865	-49.30968604
7	4	2	16.463	67.93968447	-53.32915392
7	4	4	16.129	70.98110168	-55.6131395
7	4	6	16.201	71.48724391	-63.78877361
7	4	8	16.439	71.85939497	-55.40079729
7	4	10	16.392	69.39249486	-60.65469022
7	4	12	16.344	72.05568124	-64.09277691
7	4	14	16.511	69.54712772	-47.02323967
7	4	16	16.296	73.04048543	-58.48693792
7	4	18	16.534	71.50517883	-60.2758212
7	4	20	16.415	72.69023232	-63.79135273
7	4	22	16.32	72.09636207	-58.26798074
7	5	0	16.034	75.83678639	-62.76523526
7	5	2	15.963	75.21950138	-65.27412819
7	5	4	15.891	80.73882225	-54.52958281
7	5	6	15.796	81.27008912	-42.79811045
7	5	8	15.915	80.61710302	-64.69266812
7	5	10	16.106	76.24862982	-59.57044225
7	5	12	16.892	74.97038589	-58.2215712
7	5	14	17.249	75.68952921	-58.04192775
7	5	16	17.653	73.32977099	-53.45350666
7	5	18	17.51	73.49775177	-31.03750969
7	5	20	17.415	73.30292809	-37.17123967
7	5	22	17.058	76.09747267	-29.28985231
7	6	0	16.582	76.84717688	-32.70631737
7	6	2	16.392	75.5057244	-31.38288605
7	6	4	16.058	76.60068646	-34.29363978
7	6	6	15.629	80.95408558	-37.33613789
7	6	8	15.7	79.27728691	-35.69970167
7	6	10	15.891	86.92025561	-37.51032346
7	6	12	16.225	88.24004308	-38.91145403
7	6	14	16.606	91.54620752	-34.6654597
7	6	16	17.034	88.02986149	-32.039458
7	6	18	17.201	87.24994556	-29.8581928
7	6	20	17.201	86.32576145	-32.00703744
7	6	22	17.082	87.81952191	-37.82469827
7	7	0	16.844	88.80946347	-43.12059311
7	7	2	16.534	93.14359117	-45.78793136
7	7	4	16.296	93.05719569	-47.75042605
7	7	6	16.225	93.05250397	-42.2406849
7	7	8	16.534	91.84793656	-41.01040906
7	7	10	17.034	92.33092921	-62.92460096
7	7	12	18.438	88.94345704	-50.46189623
7	7	14	19.365	87.33625362	-28.88029657
7	7	16	18.723	85.08434853	-25.51041376
7	7	18	18.937	82.31329149	-21.99115743
7	7	20	18.557	80.04372785	-25.45049681
7	7	22	18.081	80.08660485	-27.50211885
7	8	0	17.534	80.97691054	-33.47075703
7	8	2	17.177	79.34960513	-33.12953419
7	8	4	16.677	82.00518836	-36.18163911
7	8	6	16.439	85.3482946	-38.07332551
7	8	8	16.272	88.60258891	-38.82015584
7	8	10	16.153	92.57153292	-40.36884567
7	8	12	16.368	87.69050028	-36.63834966
7	8	14	16.606	87.13525054	-34.67656804
7	8	16	16.606	86.31493784	-33.58815755
7	8	18	16.654	85.11150986	-32.67032507
7	8	20	16.558	85.77483728	-33.10078969
7	8	22	16.272	89.34060607	-40.62218289
7	9	0	16.034	89.14358751	-41.60257336
7	9	2	15.772	92.63633173	-43.43334377
7	9	4	15.605	92.08938212	-44.80096377
7	9	6	15.485	94.2298087	-47.24487765
7	9	8	15.438	88.82743301	-43.464327
7	9	10	15.581	90.37394032	-43.85942021
7	9	12	15.891	91.82541001	-42.83307151
7	9	14	15.939	89.76214861	-44.63549537
7	9	16	16.534	89.07223296	-42.66769403
7	9	18	16.368	88.05961968	-49.48142789
7	9	20	16.272	87.3688707	-47.53144186
7	9	22	16.058	85.54953266	-49.2131003
7	10	0	15.772	88.20606149	-43.20385525
7	10	2	15.581	88.27893408	-43.35265467
7	10	4	15.438	87.51815456	-43.57671819
7	10	6	15.199	90.67505711	-47.63228352
7	10	8	15.103	94.05117112	-47.03867143
7	10	10	15.127	104.0273193	-51.0219661
7	10	12	15.39	91.24212091	-43.59991818
7	10	14	15.843	87.99085248	-40.8438536
7	10	16	15.891	92.63930211	-41.60406891
7	10	18	15.891	90.81158531	-40.20208174
7	10	20	15.772	91.11363087	-41.35599467
7	10	22	15.605	92.86965984	-44.09257503
7	11	0	15.27	91.90722671	-45.57953574
7	11	2	15.008	96.77315887	-48.67298482
7	11	4	14.745	99.88026547	-54.28083847
7	11	6	14.625	97.94694993	-51.36423113
7	11	8	14.745	94.53420327	-48.29857513
7	11	10	15.008	92.75965242	-46.63568642
7	11	12	15.342	91.64047704	-44.53982611
7	11	14	15.819	91.23785895	-40.574815
7	11	16	16.272	89.46307806	-36.31714374
7	11	18	16.344	88.58076986	-36.21730574
7	11	20	16.272	87.96965869	-37.53339267
7	11	22	16.058	92.36129907	-41.97633565
7	12	0	15.796	91.68126466	-44.14795832
7	12	2	15.461	91.74463521	-42.44270352
7	12	4	15.151	95.92764668	-49.16461307
7	12	6	15.103	92.6355991	-47.60530354
7	12	8	15.318	92.0306945	-45.7780004
7	12	10	15.676	88.55210557	-42.83803274
7	12	12	16.392	86.63187107	-38.22702668
7	12	14	17.915	84.00094553	-36.71301844
7	12	16	19.127	81.69818251	-27.51740558
7	12	18	18.794	81.45525559	-31.69491456
7	12	20	18.675	85.9785995	-37.23075968
7	12	22	18.961	84.60562638	-40.25196137
7	13	0	18.129	86.31787381	-39.28968948
7	13	2	17.51	87.74801563	-56.54654458
7	13	4	17.106	87.00737908	-45.88998981
7	13	6	16.701	86.86479013	-51.55358165
7	13	8	16.725	82.45258306	-39.55292069
7	13	10	17.153	80.11954876	-43.76474033
7	13	12	17.486	77.26012591	-42.83362016
7	13	14	18.247	72.72240723	-39.6737051
7	13	16	18.271	73.38072493	-40.03627497
7	13	18	17.605	86.60955848	-42.16170096
7	13	20	17.986	78.56057057	-31.22811905
7	13	22	17.201	80.95855562	-35.65669434
7	14	0	16.939	83.4205459	-33.11872047
7	14	2	16.487	86.21768457	-36.58599114
7	14	4	16.106	88.58803132	-42.20900856
7	14	6	15.891	87.55362266	-40.65715695
7	14	8	15.819	88.12027636	-41.730579
7	14	10	16.177	85.73505297	-41.1311999
7	14	12	16.582	85.67624936	-38.94388179
7	14	14	17.082	82.60520288	-32.30628556
7	14	16	17.272	80.18930236	-30.05395156
7	14	18	17.177	78.4958757	-30.96641797
7	14	20	17.034	80.73131798	-33.75300909
7	14	22	17.034	85.43204942	-47.50629938
7	15	0	16.582	83.560151	-40.10075601
7	15	2	16.225	84.85692132	-40.30585407
7	15	4	15.963	84.72046637	-40.38111345
7	15	6	15.772	84.69827801	-42.20206676
7	15	8	15.724	85.10787156	-46.20520089
7	15	10	16.082	80.90782503	-43.11056935
7	15	12	16.415	68.33655072	-41.72228945
7	15	14	16.63	66.21436917	-41.70441367
7	15	16	16.463	71.12000448	-44.63448421
7	15	18	16.201	75.27701781	-42.12505894
7	15	20	16.058	66.36503695	-42.88731232
7	15	22	15.652	78.11525481	-41.11690785
7	16	0	15.175	82.58725149	-47.30895246
7	16	2	14.792	83.66934138	-48.11660998
7	16	4	14.577	83.967997	-49.68465726
7	16	6	14.242	85.54983542	-55.11628551
7	16	8	14.194	86.44802362	-53.16322075
7	16	10	14.242	85.98554267	-53.05546858
7	16	12	14.146	89.0169381	-53.35884624
7	16	14	14.337	91.06605922	-53.25948049
7	16	16	14.385	92.52885839	-51.38443271
7	16	18	14.409	94.59625972	-52.25169942
7	16	20	14.337	95.24672929	-54.84560462
7	16	22	14.146	103.8889347	-56.55916746
7	17	0	13.906	105.2519689	-58.73901402
7	17	2	13.714	104.4664856	-58.26976932
7	17	4	13.497	104.1298719	-60.47248626
7	17	6	13.353	103.9130119	-60.50207344
7	17	8	13.449	102.7993465	-59.92452309
7	17	10	13.858	93.96312179	-57.26869794
7	17	12	14.457	90.87093257	-51.40385385
7	17	14	15.318	87.1055082	-45.25150024
7	17	16	15.819	79.87289846	-40.85895202
7	17	18	15.557	91.89234064	-40.76069991
7	17	20	15.39	93.42076829	-41.51259208
7	17	22	15.223	96.39665334	-42.0864915
7	18	0	15.151	91.48502143	-40.08965726
7	18	2	14.96	99.60437301	-43.16442542
7	18	4	14.768	93.39712501	-44.51005257
7	18	6	14.577	85.01637102	-43.08919489
7	18	8	14.697	79.51793309	-42.44560114
7	18	10	14.673	81.2045053	-43.2001483
7	18	12	15.151	80.41425116	-38.98955175
7	18	14	15.581	71.20509486	-35.26896432
7	18	16	15.605	77.68836577	-34.84404712
7	18	18	15.533	81.1111909	-33.71360769
7	18	20	15.438	80.10823023	-33.78933619
7	18	22	15.223	81.16929573	-36.5671005
7	19	0	14.984	80.32794267	-37.17830189
7	19	2	14.792	79.5928555	-38.6784352
7	19	4	14.577	79.98075698	-39.74811887
7	19	6	14.385	78.37412357	-41.02051399
7	19	8	14.29	78.43467616	-41.18542114
7	19	10	14.337	78.0716498	-40.8374536
7	19	12	14.457	78.86677274	-38.94924751
7	19	14	14.697	79.11650737	-37.11400904
7	19	16	15.079	79.22829204	-37.41202582
7	19	18	14.864	80.90794122	-38.41681645
7	19	20	14.697	80.95493126	-37.58104773
7	19	22	14.601	81.05554184	-40.26568192
7	20	0	14.361	81.47014843	-41.38787057
7	20	2	14.194	80.98657626	-42.19142558
7	20	4	14.026	80.09109741	-42.88419849
7	20	6	13.93	79.07516096	-42.2247517
7	20	8	13.882	78.72815546	-43.85490775
7	20	10	13.882	78.63599323	-44.50604907
7	20	12	13.978	79.58600037	-43.4507058
7	20	14	14.002	78.90688056	-41.35950895
7	20	16	14.074	77.30587886	-41.83703729
7	20	18	14.098	77.45799892	-41.33242077
7	20	20	14.122	76.95005271	-40.45442978
7	20	22	14.002	77.79964498	-42.16464781
7	21	0	13.834	80.52649097	-44.60835812
7	21	2	13.69	81.63263806	-46.02416661
7	21	4	13.546	83.26327054	-47.25891995
7	21	6	13.425	81.67735449	-45.63315085
7	21	8	13.401	82.95000683	-46.32619033
7	21	10	13.594	82.34870654	-44.21497064
7	21	12	13.546	83.27376158	-45.79181687
7	21	14	13.906	83.08615363	-41.64647509
7	21	16	14.026	83.24514246	-40.43280104
7	21	18	14.074	81.76534902	-39.02264681
7	21	20	14.002	82.07480265	-39.41491644
7	21	22	13.858	83.56572757	-41.9131499
7	22	0	13.666	85.93059734	-43.90454583
7	22	2	13.497	85.44537531	-44.87649954
7	22	4	13.257	85.4170345	-44.66879263
7	22	6	13.112	80.59323477	-43.9977721
7	22	8	13.112	83.50347072	-47.07480854
7	22	10	13.377	82.85293156	-43.07951396
7	22	12	13.786	81.72504021	-39.70940899
7	22	14	14.433	81.5262008	#VALUE!
7	22	16	14.385	82.20278509	-30.73615661
7	22	18	14.673	79.75590291	-26.68715511
7	22	20	14.649	79.31201624	-28.21257689
7	22	22	14.457	80.40185414	-29.32606672
7	23	0	14.266	80.17877784	-31.09073961
7	23	2	13.93	84.08261559	-34.59720528
7	23	4	13.762	80.81410242	-34.08719863
7	23	6	13.642	81.30649402	-35.31022627
7	23	8	13.786	79.7434443	-33.91750697
7	23	10	14.026	78.60043887	-31.72953448
7	23	12	14.529	76.30741804	-28.10802835
7	23	14	15.151	75.61000315	-23.32804555
7	23	16	15.581	74.10668587	-19.70959967
7	23	18	16.129	71.99178454	-20.17779827
7	23	20	16.01	73.0990916	-19.18713693
7	23	22	15.891	72.83396522	-23.93877421
7	24	0	15.748	73.57790472	-24.4759143
7	24	2	15.485	74.78765292	-23.87432019
7	24	4	15.294	74.45153369	-22.66846848
7	24	6	15.175	75.61076841	-24.45907859
7	24	8	15.509	71.48030514	-21.62231573
7	24	10	15.963	71.02781007	-19.2136148
7	24	12	17.082	67.58777008	-10.73004376
7	24	14	18.295	64.55071208	-5.736341394
7	24	16	19.674	64.28058091	0.35649761
7	24	18	19.841	63.27881673	-1.466467271
7	24	20	20.388	62.17552643	-0.09817344
7	24	22	19.841	62.97994315	-5.262462829
7	25	0	19.318	62.23442252	-11.07072692
7	25	2	18.485	65.19145598	-13.56080266
7	25	4	17.772	66.12031016	-19.59734079
7	25	6	17.558	67.47283584	-23.06831936
7	25	8	18.295	62.20822437	-13.96586812
7	25	10	18.985	63.01943927	-10.31548445
7	25	12	20.817	58.99142904	-4.042065916
7	25	14	22.705	53.92961218	3.408403457
7	25	16	24.05	52.10363979	14.58987231
7	25	18	23.448	58.14940372	8.783653726
7	25	20	23.256	52.8244924	10.45048889
7	25	22	22.417	52.79417354	3.844211978
7	26	0	21.246	55.83454927	-4.990526927
7	26	2	20.579	56.63499021	-8.841929404
7	26	4	19.888	55.92981556	-12.25360872
7	26	6	19.413	56.32706832	-23.81940517
7	26	8	20.65	57.08792256	-7.717088108
7	26	10	21.795	56.64571107	-2.140349675
7	26	12	22.705	51.43455827	4.246555792
7	26	14	24.002	50.97586873	8.87756813
7	26	16	25.162	51.34884608	14.45489296
7	26	18	24.944	46.68452456	12.89093061
7	26	20	24.75	42.17452931	12.25952911
7	26	22	24.05	42.53993021	1.576742558
7	27	0	22.681	48.19722281	-3.356695413
7	27	2	22.226	48.0339613	-10.0931701
7	27	4	21.461	50.566045	-13.11600179
7	27	6	20.865	53.73775532	-23.80217275
7	27	8	21.27	50.93705984	-12.69758494
7	27	10	21.628	54.56204038	-9.109703864
7	27	12	22.13	47.64624958	-5.543034394
7	27	14	23.136	42.8819454	0.764878793
7	27	16	23.424	44.27820783	1.011714596
7	27	18	22.944	43.98136349	-2.212045989
7	27	20	22.609	44.32498461	-4.556547557
7	27	22	22.13	45.9657469	-12.47187316
7	28	0	21.724	48.5082065	-14.18449644
7	28	2	21.199	48.72142451	-20.96208021
7	28	4	20.77	52.75117199	-24.70593488
7	28	6	20.555	53.11181985	-22.95643192
7	28	8	20.96	49.65396417	-18.14543705
7	28	10	21.413	47.54682992	-16.5560597
7	28	12	21.509	46.82716702	-16.60870676
7	28	14	22.848	43.95834027	-12.15653224
7	28	16	23.208	40.21553478	-10.25779306
7	28	18	23.16	40.82420219	-11.62322186
7	28	20	22.824	40.13021368	-12.16212795
7	28	22	22.274	42.78090374	-17.19171538
7	29	0	21.772	44.10981958	-16.15681056
7	29	2	21.485	47.95552733	-21.59180832
7	29	4	20.96	48.87114341	-26.72211102
7	29	6	20.817	49.87273782	-21.55799586
7	29	8	20.627	47.38610637	-25.77582523
7	29	10	20.293	45.07243368	-28.97703218
7	29	12	20.007	49.11482045	-32.25260802
7	29	14	19.651	51.85102556	-35.41635939
7	29	16	19.555	48.3927391	-38.05192186
7	29	18	19.436	52.1838597	-38.33579509
7	29	20	19.246	52.51794034	-49.73840708
7	29	22	19.222	53.53999774	-36.4570938
7	30	0	19.103	54.82056825	-42.60807288
7	30	2	18.913	53.81737628	-45.5837292
7	30	4	18.771	55.62833384	-41.41457689
7	30	6	18.723	58.0022953	-47.25268847
7	30	8	18.699	56.83963715	-44.45447061
7	30	10	18.794	54.08178429	-41.85736829
7	30	12	18.889	54.61160195	-42.42216248
7	30	14	18.985	53.21922614	-44.36884266
7	30	16	18.913	54.0632015	-46.2209022
7	30	18	18.794	51.83704781	-42.76841969
7	30	20	18.628	50.48562903	-46.81909381
7	30	22	18.438	48.41936377	-51.26225763
7	31	0	18.271	52.11036815	-42.83438178
7	31	2	18.01	46.73909428	-50.13905758
7	31	4	17.772	49.52575745	-52.29272418
7	31	6	17.558	51.93567165	-25.0957756
7	31	8	17.344	54.41069574	-26.9780572
7	31	10	17.463	53.73386516	-26.23757945
7	31	12	17.629	61.50621443	-47.71934274
7	31	14	18.557	56.05224757	-42.66391794
7	31	16	18.675	55.05545813	-30.93521934
7	31	18	18.937	52.95703496	-30.93489044
7	31	20	18.675	55.24205163	-38.98948813
7	31	22	18.366	57.49543368	-38.18639564
8	1	0	18.105	58.7902645	-36.62757802
8	1	2	17.891	61.43474242	-40.26611117
8	1	4	17.748	62.55642673	-43.00025793
8	1	6	17.653	61.13048515	-40.60904133
8	1	8	17.605	60.94223181	-44.74449644
8	1	10	17.891	58.8469224	-47.60142814
8	1	12	19.603	50.62224539	-30.42344866
8	1	14	21.485	52.37658851	-26.99360159
8	1	16	21.891	53.81822806	-20.4776737
8	1	18	21.819	52.92969794	-24.96687129
8	1	20	21.509	55.57517669	-25.97064353
8	1	22	21.056	57.50687443	-27.6506795
8	2	0	19.793	55.3603241	-23.24182737
8	2	2	18.985	54.20222973	-22.69151009
8	2	4	18.39	54.30933546	-22.44308491
8	2	6	18.2	50.97746692	-23.67443908
8	2	8	18.414	50.44104843	-28.8084696
8	2	10	18.866	49.47496464	-32.97224896
8	2	12	20.722	45.22452546	-20.50881809
8	2	14	21.366	45.03206771	-25.72830628
8	2	16	22.082	43.72396078	-24.25135218
8	2	18	22.8	46.27422411	-16.51746843
8	2	20	22.25	52.61007169	-30.77618854
8	2	22	21.413	60.218291	-29.84329748
8	3	0	20.484	61.46191141	-36.41738567
8	3	2	19.722	60.71643302	-48.30707284
8	3	4	18.985	60.28014867	-48.419776
8	3	6	18.58	57.2844428	-48.65955063
8	3	8	19.436	53.30488763	-40.70825387
8	3	10	19.936	57.78570102	-35.94720664
8	3	12	18.675	61.84464905	-45.36958266
8	3	14	20.436	59.71930734	-30.25359806
8	3	16	20.817	52.82115393	-32.65721729
8	3	18	20.865	51.78069581	-33.40385351
8	3	20	20.46	53.99938283	-35.96641356
8	3	22	19.984	59.79101717	-41.68478008
8	4	0	19.603	60.07064797	-43.64151299
8	4	2	19.175	65.34275879	-47.12663235
8	4	4	18.889	63.39242507	-54.92839276
8	4	6	18.818	60.99657036	-55.44689644
8	4	8	19.127	60.52374542	-56.64488197
8	4	10	19.532	61.54229397	-51.45018964
8	4	12	20.531	42.6500805	-46.4899364
8	4	14	21.891	42.23627742	-34.27752628
8	4	16	22.393	37.70019961	-32.87883578
8	4	18	22.417	46.91536333	-40.81059162
8	4	20	21.987	53.77222994	-35.43618399
8	4	22	21.581	60.13276449	-39.29622397
8	5	0	20.722	61.70664262	-50.12679497
8	5	2	20.174	66.56608268	-57.32723071
8	5	4	19.532	65.34725038	-57.26058906
8	5	6	19.555	62.4035114	-52.57924102
8	5	8	19.817	60.35371622	-50.84096903
8	5	10	20.531	59.87965843	-48.5246058
8	5	12	21.843	33.43916686	-40.26110936
8	5	14	22.848	33.76608459	-37.83591512
8	5	16	23.472	45.83370207	-33.71771185
8	5	18	23.328	47.90761134	-35.1293695
8	5	20	22.824	51.3059704	-43.7554973
8	5	22	22.13	57.45101713	-51.46852806
8	6	0	21.461	59.96370284	-55.88182222
8	6	2	20.793	61.84534905	-63.6210882
8	6	4	20.174	64.45756559	-60.21426822
8	6	6	19.722	64.24532742	-64.27988633
8	6	8	19.912	55.37398159	-62.71416905
8	6	10	19.912	64.86136471	-69.59119619
8	6	12	20.722	49.32934328	-57.89881555
8	6	14	21.533	44.98499633	-54.757201
8	6	16	21.939	46.14741472	-52.77961219
8	6	18	21.246	52.79050841	-58.27044176
8	6	20	20.96	54.95525152	-55.74657689
8	6	22	20.627	60.44538299	-55.95111716
8	7	0	20.246	58.91755658	-63.00177345
8	7	2	19.841	62.01451517	-66.94206653
8	7	4	19.555	61.4685791	-71.84633958
8	7	6	19.27	60.69199831	-69.89752307
8	7	8	19.175	58.92650073	-72.27908754
8	7	10	19.222	56.30745036	-70.03496368
8	7	12	19.389	50.4824017	-71.14920868
8	7	14	19.793	53.72183088	-68.60986699
8	7	16	20.317	51.65485612	-68.19330076
8	7	18	20.793	50.12638096	-64.56329721
8	7	20	19.651	60.55114412	-30.00756013
8	7	22	19.555	63.38915631	-43.94146399
8	8	0	19.08	60.19701818	-34.38777689
8	8	2	18.343	68.32057914	-39.03737045
8	8	4	18.176	63.16874693	-34.83753977
8	8	6	17.724	66.0323282	-38.6065457
8	8	8	17.558	69.37090196	-42.62072117
8	8	10	17.962	65.94185746	-40.53169198
8	8	12	18.295	65.8863605	-36.07097799
8	8	14	18.961	60.43132023	-30.24502655
8	8	16	19.46	53.97611916	-28.12748714
8	8	18	19.579	57.64170139	-37.17656056
8	8	20	19.484	64.02437001	-40.44461594
8	8	22	19.056	79.03996318	-40.00402434
8	9	0	18.699	80.80803105	-46.85136436
8	9	2	18.414	81.73067283	-43.18813981
8	9	4	18.01	73.32367986	-35.72124629
8	9	6	17.653	74.11510451	-38.2023636
8	9	8	17.486	68.93100051	-38.34411975
8	9	10	17.653	64.51512692	-36.7388876
8	9	12	18.2	58.59470829	-34.54040062
8	9	14	18.509	59.54065736	-38.49939879
8	9	16	18.414	66.19825621	-38.52571449
8	9	18	18.461	70.39896271	-43.53309941
8	9	20	18.295	73.5511373	-44.26986123
8	9	22	18.129	74.41156596	-45.72936422
8	10	0	17.938	67.47190867	-44.20269988
8	10	2	17.724	70.48966028	-37.49704038
8	10	4	17.558	68.18000954	-41.66911822
8	10	6	17.463	70.23780488	-47.01359468
8	10	8	17.463	67.84562621	-41.6642428
8	10	10	17.986	64.92076507	-39.07737585
8	10	12	18.01	64.9657634	-39.77868107
8	10	14	18.105	65.8462644	-38.79193493
8	10	16	18.129	67.71564939	-42.40793016
8	10	18	17.986	69.6646182	-47.45825668
8	10	20	17.843	66.92518193	-45.94183897
8	10	22	17.653	67.00743251	-48.60137134
8	11	0	17.439	70.19021391	-50.46002069
8	11	2	17.272	70.48231044	-46.89022233
8	11	4	17.13	71.22634522	-47.67276322
8	11	6	17.011	64.32561072	-46.89270093
8	11	8	17.225	67.31652925	-45.22742666
8	11	10	17.439	63.83832775	-47.82735102
8	11	12	17.938	63.09710536	-40.81245088
8	11	14	18.913	58.71360185	-34.81068608
8	11	16	18.818	60.44808029	-36.30576377
8	11	18	18.771	63.10556101	-38.16015367
8	11	20	18.699	57.40756822	-42.42277728
8	11	22	18.319	62.50011845	-45.00069096
8	12	0	17.938	61.24277086	-52.15088674
8	12	2	17.677	60.83576673	-51.84368238
8	12	4	17.415	64.45134054	-59.17656742
8	12	6	17.225	64.7025597	-55.15221958
8	12	8	17.272	68.26444785	-59.39581315
8	12	10	17.677	62.74643082	-57.17011923
8	12	12	19.365	54.7728268	-43.90425316
8	12	14	19.936	49.83879803	-39.90180966
8	12	16	20.365	53.44825284	-39.77107962
8	12	18	20.103	54.06470096	-40.93612022
8	12	20	19.436	55.01752499	-44.35952278
8	12	22	19.08	59.0535501	-49.99320233
8	13	0	18.604	64.33527393	-42.69584076
8	13	2	18.152	63.19865277	-52.78788031
8	13	4	17.843	60.62525878	-59.62373196
8	13	6	17.534	60.15295205	-50.06000295
8	13	8	17.225	60.23402661	-40.24474736
8	13	10	17.034	61.79002487	-40.69925402
8	13	12	17.011	62.85968293	-36.73614715
8	13	14	17.558	58.06437192	-37.45935036
8	13	16	17.915	59.10325663	-37.37576147
8	13	18	17.843	63.53895566	-40.56057249
8	13	20	17.534	64.06037981	-36.5909699
8	13	22	17.415	65.22872591	-54.94949155
8	14	0	17.177	65.30060025	-55.01969506
8	14	2	17.034	69.01997824	-51.24530069
8	14	4	16.892	68.2875411	-55.86054288
8	14	6	16.749	68.45560957	-41.75591601
8	14	8	16.749	68.33593011	-42.00153791
8	14	10	16.868	69.29191898	-52.38334972
8	14	12	17.867	59.63381606	-49.80316043
8	14	14	17.962	60.93982473	-33.43653946
8	14	16	18.438	60.63434079	-26.00933522
8	14	18	18.105	66.0754141	-69.88528019
8	14	20	17.986	64.31859786	-28.04656647
8	14	22	17.463	67.84471918	-30.04945987
8	15	0	17.177	68.84253623	-30.0036621
8	15	2	16.677	70.7406033	-33.51421085
8	15	4	16.201	71.78755095	-43.91702081
8	15	6	15.796	73.60867793	-49.73485005
8	15	8	15.748	70.94187389	-51.39796467
8	15	10	16.153	69.3700173	-42.68178222
8	15	12	16.511	70.00943945	-41.31189565
8	15	14	16.939	63.12643872	-36.29477898
8	15	16	17.201	64.95964252	-36.0001574
8	15	18	17.439	65.99272186	-33.56469468
8	15	20	17.225	69.49018676	-48.26945739
8	15	22	16.939	74.84674084	-43.53672434
8	16	0	16.582	73.65867867	-46.5379101
8	16	2	16.415	75.43041807	-46.18894901
8	16	4	16.153	77.46385129	-47.02634738
8	16	6	15.915	73.11376222	-49.81153668
8	16	8	16.272	70.37564145	-45.42784251
8	16	10	16.844	69.11615301	-43.6739661
8	16	12	16.868	68.80632367	-42.66347766
8	16	14	17.034	70.1706692	-43.98143932
8	16	16	17.296	66.54153272	-40.54274432
8	16	18	17.368	65.0761207	-43.78422391
8	16	20	17.225	68.83750923	-42.12211008
8	16	22	16.939	77.91184097	-47.79698011
8	17	0	16.844	65.95874826	-46.87468747
8	17	2	16.63	71.22583808	-47.65272777
8	17	4	16.415	75.13531609	-46.92588517
8	17	6	16.249	68.77315721	-46.28506341
8	17	8	16.225	66.44232362	-51.14712412
8	17	10	16.177	66.8230127	-44.86652674
8	17	12	16.677	66.18194505	-40.47453049
8	17	14	17.034	63.54808428	-31.0038538
8	17	16	17.368	60.60027351	-29.807052
8	17	18	17.249	64.82403773	-27.4683514
8	17	20	17.272	63.26383332	-48.58831764
8	17	22	17.058	68.14652804	-49.48257262
8	18	0	16.725	67.87662993	-41.25859243
8	18	2	16.558	70.86840937	-40.35040614
8	18	4	16.415	67.73309662	-38.33752558
8	18	6	16.344	66.04099182	-41.22560689
8	18	8	16.487	62.63326391	-37.1372307
8	18	10	16.558	64.73552522	-54.71028546
8	18	12	16.939	61.41375858	-53.27729112
8	18	14	17.272	60.87849452	-52.7638521
8	18	16	17.225	60.97017248	-47.37396894
8	18	18	17.106	62.79160788	-46.17825777
8	18	20	16.939	65.88412997	-44.30304564
8	18	22	16.773	65.90095416	-36.35715592
8	19	0	16.606	63.54120274	-31.35380709
8	19	2	16.511	63.23886929	-32.70971781
8	19	4	16.463	66.24108269	-32.72155551
8	19	6	16.368	64.10000446	-35.84843042
8	19	8	16.606	63.60509369	-33.16810383
8	19	10	16.82	60.57585782	-33.06799807
8	19	12	17.629	60.66701426	-26.05377855
8	19	14	18.343	60.91521938	-21.6945068
8	19	16	18.842	59.9581829	-21.71619396
8	19	18	18.557	59.91605574	-19.27973326
8	19	20	18.723	63.31433536	-31.72585469
8	19	22	18.033	66.76892568	-36.71544697
8	20	0	17.701	68.73070561	-43.42347894
8	20	2	17.415	67.96869747	-55.58675102
8	20	4	17.13	71.59443361	-47.23317438
8	20	6	16.82	72.65874088	-40.03831552
8	20	8	17.082	70.87418529	-34.71751829
8	20	10	17.415	68.25801077	-36.15324131
8	20	12	18.152	61.97404484	-36.63465088
8	20	14	19.103	61.31063812	-29.82071071
8	20	16	18.961	64.67564687	-26.41345646
8	20	18	19.056	64.27284072	-26.15330787
8	20	20	18.723	65.41439348	-32.36329403
8	20	22	18.247	67.64002258	-42.74217463
8	21	0	17.701	70.10854531	-41.4232639
8	21	2	17.439	69.85129928	-51.33346144
8	21	4	17.249	72.3546575	-56.16882248
8	21	6	17.082	72.60640253	-52.75837878
8	21	8	17.082	72.29441658	-48.46538864
8	21	10	17.677	63.03463086	-36.31018636
8	21	12	18.247	53.97029249	-32.35777116
8	21	14	18.557	52.49466959	-22.02024519
8	21	16	18.081	58.56095819	-23.10975999
8	21	18	18.343	55.1945061	-19.92119092
8	21	20	18.176	59.89030349	-37.17684905
8	21	22	17.558	60.92602771	-40.85366098
8	22	0	17.058	64.19482142	-30.51238503
8	22	2	16.725	73.25678645	-41.80099164
8	22	4	16.392	73.7586303	-40.91364588
8	22	6	16.058	70.57633873	-41.54736662
8	22	8	15.939	76.32151517	-42.46904064
8	22	10	15.891	75.56746574	-44.34945929
8	22	12	15.963	69.31466406	-41.51081454
8	22	14	16.106	68.66311173	-38.88148427
8	22	16	16.058	68.68667613	-38.83907813
8	22	18	16.058	68.93894388	-38.30979162
8	22	20	15.891	69.22741682	-39.50791613
8	22	22	15.652	70.83371727	-41.56503848
8	23	0	15.414	76.77714419	-47.04494079
8	23	2	15.151	77.7550434	-48.23003508
8	23	4	14.936	77.81273179	-50.20969204
8	23	6	14.745	79.2539514	-51.88723618
8	23	8	14.697	84.15126708	-54.12166289
8	23	10	15.031	86.5936353	-50.44055256
8	23	12	15.438	78.81301075	-46.36432312
8	23	14	16.296	85.83633042	-41.11075275
8	23	16	16.534	82.56198542	-46.78421867
8	23	18	16.82	83.40400107	-46.03047522
8	23	20	16.868	77.57745314	-51.23061722
8	23	22	16.296	79.64318393	-51.92859242
8	24	0	15.891	80.52231377	-62.41538651
8	24	2	15.509	82.08775329	-59.844111
8	24	4	15.175	81.66948454	-52.37492121
8	24	6	14.888	83.63323591	-54.32357592
8	24	8	15.103	82.94202217	-55.14868502
8	24	10	15.557	83.43701491	-47.36935401
8	24	12	15.724	82.36765398	-44.18558692
8	24	14	17.677	77.26278503	-37.35633769
8	24	16	18.628	76.03706249	-33.95974568
8	24	18	18.652	75.03478277	-38.92268679
8	24	20	18.842	74.13242089	-35.15766482
8	24	22	17.582	71.05510759	-50.94046639
8	25	0	16.844	72.05429663	-58.25400348
8	25	2	16.272	75.20875281	-64.47154092
8	25	4	15.819	76.80449382	-65.42501618
8	25	6	15.461	79.55718095	-67.1159331
8	25	8	15.676	80.32551816	-58.31402847
8	25	10	16.868	78.2664189	-48.41877197
8	25	12	17.605	74.65606529	-43.8715964
8	25	14	18.604	78.2320342	-40.87463912
8	25	16	19.484	74.76497151	-33.14468701
8	25	18	19.579	74.00327973	-32.62634427
8	25	20	19.413	72.46160841	-33.96839372
8	25	22	17.819	71.49013206	-45.94810813
8	26	0	17.272	71.37492088	-51.92067152
8	26	2	16.677	71.06323276	-56.89613445
8	26	4	16.296	74.36994992	-56.60761404
8	26	6	15.867	70.15687855	-60.5692925
8	26	8	16.034	66.23738682	-51.94049916
8	26	10	15.963	84.11358163	-55.41315506
8	26	12	17.13	74.18580143	-48.63483457
8	26	14	17.701	72.34357145	-46.6941762
8	26	16	18.057	71.04679007	-36.51717813
8	26	18	18.271	67.42374312	-41.26295163
8	26	20	18.01	62.96771841	-46.6222864
8	26	22	17.558	61.57035265	-55.67634887
8	27	0	17.106	65.22557155	-56.45500209
8	27	2	16.606	67.7114261	-61.74575123
8	27	4	16.153	65.43299321	-62.1886163
8	27	6	15.772	72.25656186	-57.74268885
8	27	8	15.915	68.88237014	-60.75980756
8	27	10	16.677	69.09644954	-54.3473752
8	27	12	17.153	69.47268275	-53.86282533
8	27	14	18.319	65.99580916	-34.69691935
8	27	16	19.555	60.2902039	-27.85206357
8	27	18	19.032	59.89359748	-35.13029157
8	27	20	19.056	62.96874581	-43.93204198
8	27	22	18.271	59.72068365	-43.47476559
8	28	0	17.582	61.64295911	-47.22255172
8	28	2	17.13	64.35631441	-53.33380814
8	28	4	16.82	66.60282395	-57.84860555
8	28	6	16.463	66.11449191	-52.96133141
8	28	8	16.296	62.75609355	-34.71604962
8	28	10	16.058	68.05599815	-41.42326033
8	28	12	16.034	70.98329905	-39.30696283
8	28	14	16.058	70.56197386	-38.26474204
8	28	16	16.106	70.79409358	-37.93653962
8	28	18	15.986	72.27602946	-38.89944794
8	28	20	15.772	74.46349508	-42.62583814
8	28	22	15.485	76.72604216	-44.99477145
8	29	0	15.247	79.08780265	-47.13293999
8	29	2	14.96	81.03971812	-50.12947042
8	29	4	14.745	81.44653896	-52.39532389
8	29	6	14.505	85.5373853	-56.01747604
8	29	8	14.385	79.51803895	-55.10357985
8	29	10	14.409	80.91980261	-54.69197721
8	29	12	14.697	84.32029906	-51.01748556
8	29	14	14.816	77.92840847	-47.98337454
8	29	16	14.84	86.63297101	-47.30001883
8	29	18	14.768	78.9373858	-48.23336277
8	29	20	14.601	84.81039721	-50.35113453
8	29	22	14.481	82.82099558	-52.84556686
8	30	0	14.361	83.62758497	-54.81736854
8	30	2	14.194	89.95693587	-62.81714356
8	30	4	13.978	92.88161621	-63.67683828
8	30	6	13.882	95.19442097	-70.12167896
8	30	8	13.882	100.6473395	-66.91857959
8	30	10	14.721	98.07442611	-60.13101508
8	30	12	15.724	91.83967588	-53.88027846
8	30	14	16.534	88.43997089	-51.60485475
8	30	16	16.63	88.17673407	-49.37054821
8	30	18	15.7	87.38678097	-61.13852065
8	30	20	16.249	82.60413812	-58.80096299
8	30	22	15.629	83.46826441	-61.12707788
8	31	0	14.888	82.86710643	-64.70766569
8	31	2	14.337	86.95909005	-70.66135479
8	31	4	14.074	89.1615992	-63.00734585
8	31	6	13.834	88.21356373	-69.62466922
8	31	8	13.93	87.16459376	-68.40334667
8	31	10	14.409	87.51818224	-66.96862396
8	31	12	14.266	94.73986634	-61.4615208
8	31	14	14.122	96.24651236	-64.04446894
8	31	16	14.505	94.5521014	-60.3334507
8	31	18	14.337	90.14573475	-67.41869534
8	31	20	14.361	83.11651657	-55.75372918
8	31	22	14.194	84.8550971	-58.72540344
